300 90 2 1 BASETILE 0.43
540 90 3 1 BASETILE 0.43
660 270 2 1 BASETILE 0.43
300 210 6 1 BASETILE 0.43
450 240 1 4 DIRT 0.43
450 360 1 1 COLDOWN 0.43
210 270 1 1 BASETILE 0.43
210 300 1 4 DIRT 0.43
240 390 5 1 BASETILE 0.43
570 450 7 1 BASETILE 0.43
180 660 10 1 BASETILE 0.43
840 0 1 6 DIRT 0.43
840 180 1 1 COLDOWN 0.43
840 270 1 1 BASETILE 0.43
840 300 1 15 DIRT 0.43
0 750 95 1 DIRT 0.43
480 540 1 1 BASETILE 0.43
930 330 8 1 BASETILE 0.43
1140 360 1 5 DIRT 0.43
1170 480 9 1 BASETILE 0.43
1440 420 1 3 DIRT 0.43
1440 390 8 1 BASETILE 0.43
1680 300 1 4 DIRT 0.43
1680 270 10 1 BASETILE 0.43
1950 300 1 2 DIRT 0.43
1980 330 9 1 BASETILE 0.43
2250 210 1 5 DIRT 0.43
2250 180 6 1 BASETILE 0.43
2400 210 1 13 DIRT 0.43
1350 180 6 1 BASETILE 0.43
1770 0 1 5 DIRT 0.43
1800 120 10 1 BASETILE 0.43
2400 0 1 3 DIRT 0.43
2400 90 1 1 COLDOWN 0.43
1590 540 3 1 BASETILE 0.43
1830 450 1 1 BASETILE 0.43
1770 570 1 1 BASETILE 0.43
1770 600 1 2 DIRT 0.43
1800 630 5 1 BASETILE 0.43
1950 600 1 2 DIRT 0.43
1950 570 15 1 BASETILE 0.43
2400 660 1 1 BASETILE 0.43
2400 690 1 2 DIRT 0.43
2490 390 2 1 BASETILE 0.43
2580 570 6 1 BASETILE 0.43
2610 330 7 1 BASETILE 0.43
2550 180 1 1 BASETILE 0.43
1440 600 1 1 BASETILE 0.43
2310 420 1 1 BASETILE 0.43
930 600 6 1 BASETILE 0.43
2610 300 1 1 LEFTSLANT 0.43
2640 270 1 1 LEFTSLANT 0.43
2640 300 1 1 LEFTSLANTMID 0.43
2670 270 3 1 BASETILE 0.43
2670 300 3 1 DIRT 0.43
2760 300 1 1 RIGHTSLANTMID 0.43
2760 270 1 1 RIGHTSLANT 0.43
2790 300 1 1 RIGHTSLANT 0.43
2460 270 1 1 BASETILE 0.43
2610 450 1 1 BASETILE 0.43
600 360 1 1 BASETILE 0.43
-30 0 1 26 DIRT 0.43
2850 0 1 26 DIRT 0.43
CollectLocs
330 300
90 90
780 700
1110 290
1830 390
2330 250
2790 700
2520 480
2220 700
1810 210
2550 60
1380 420
660 390
1920 30
1410 120
360 570
1290 570
2340 510
1830 540
1620 700
Snakes
150 630 420 630
1140 450 1380 450
1290 720 2340 720
1950 300 2190 300
Blades
615 480 0.25
975 0 0.25
2190 360 0.19
2670 360 0.19
Boxes
120 720 TRUE
150 720 TRUE
1230 720 TRUE
1260 720 TRUE
1800 600 FALSE
1830 600 FALSE
1860 600 FALSE
1890 600 TRUE
1920 600 TRUE
1800 90 TRUE
1830 90 TRUE
1860 90 TRUE
1890 90 FALSE
1920 90 FALSE
2490 720 TRUE
2520 720 FALSE
2550 720 TRUE