90 60 3 1 BASETILE 0.43
570 90 4 1 BASETILE 0.43
810 120 2 1 BASETILE 0.43
930 210 4 1 BASETILE 0.43
1080 120 3 1 BASETILE 0.43
360 300 15 1 BASETILE 0.43
1050 330 6 1 BASETILE 0.43
60 360 6 1 BASETILE 0.43
240 510 8 1 BASETILE 0.43
660 420 10 1 BASETILE 0.43
1020 510 6 1 BASETILE 0.43
60 600 3 1 BASETILE 0.43
660 600 5 1 BASETILE 0.43
930 630 3 1 BASETILE 0.43
210 180 9 1 BASETILE 0.43
0 750 43 1 BASETILE 0.43
-30 0 1 26 BASETILE 0.43
1300 0 1 26 BASETILE 0.43
CollectLocs
120 10
60 180
135 300
90 540
240 710
450 710
255 450
540 360
390 240
330 120
720 540
795 360
750 240
825 60
960 570
975 150
1095 450
1125 270
1110 60
1185 660
Snakes
330 270 750 270
210 480 420 480
60 720 960 720
Blades
315 540 0.19
850 450 0.15
Boxes
0 720 FALSE
30 720 TRUE
60 720 FALSE
1020 720 TRUE
1050 720 FALSE
1080 720 FALSE
1110 720 TRUE
1140 720 TRUE
1170 720 FALSE
1200 720 FALSE