90 60 7 1 BASETILE 0.06
210 210 10 1 BASETILE 0.06
30 390 15 1 BASETILE 0.06
90 510 7 1 BASETILE 0.06
120 660 4 1 BASETILE 0.06
570 180 1 1 BASETILE 0.06
570 330 2 1 BASETILE 0.06
570 450 1 1 BASETILE 0.06
420 600 7 1 BASETILE 0.06
330 660 1 1 BASETILE 0.06
690 150 1 1 TOP 0.06
690 180 1 19 COL 0.06
90 270 1 1 BASETILE 0.06
810 150 2 1 BASETILE 0.06
780 450 30 1 BASETILE 0.06
960 240 14 1 baseTile 0.06
900 600 6 1 BASETILE 0.06
1140 660 3 1 BASETILE 0.06
1470 210 16 1 BASETILE 0.06
1440 330 3 1 BASETILE 0.06
1740 390 1 1 BASETILE 0.06
1740 480 2 1 BASETILE 0.06
1710 570 3 1 BASETILE 0.06
1410 630 8 1 BASETILE 0.06
1860 420 1 1 TOP 0.06
1860 450 1 10 COL 0.06
1950 450 3 1 BASETILE 0.06
1980 540 1 1 BASETILE 0.06
2040 600 1 1 BASETILE 0.06
2070 660 2 1 BASETILE 0.06
2160 150 1 1 TOP 0.06
2160 180 1 19 COL 0.06
2250 480 4 1 BASETILE 0.06
2280 390 1 1 BASETILE 0.06
2370 360 12 1 BASETILE 0.06
2460 540 8 1 BASETILE 0.06
2590 630 6 1 BASETILE 0.06
2430 660 3 1 BASETILE 0.06
2460 300 1 1 LEFTSLANT 0.06
2430 330 1 1 LEFTSLANT 0.06
2460 330 1 1 LEFTSLANTMID 0.06
2490 330 8 1 DIRT 0.06
2490 300 1 1 INSLANT 0.06
2520 300 1 1 INSLANT 0.06
2580 300 5 1 DIRT 0.06
2550 300 1 1 LEFTSLANTMID 0.06
2550 270 1 1 LEFTSLANT 0.06
2580 270 1 1 LEFTSLANTMID 0.06
2580 240 1 1 LEFTSLANT 0.06
2610 270 4 1 DIRT 0.06
2610 240 4 1 INSLANT 0.06
0 750 95 1 DIRT 0.06
2280 220 2 1 BASETILE 0.06
390 120 3 1 BASETILE 0.06
1200 120 5 1 BASETILE 0.06
-30 0 1 26 DIRT 0.06
2850 0 1 26 DIRT 0.06
CollectLocs
240 170
420 330
90 440
150 570
600 690
825 90
1050 200
930 390
900 500
1290 570
1350 390
1440 520
1620 360
1620 160
1800 90
1740 530
1820 720
1980 720
2290 610
2620 500
Snakes
390 570 570 570
750 420 1620 420
810 719 1800 718
1440 180 1890 180
2310 719 2700 718
Blades
1020 270 0.161
1500 480 0.13
1955 570 0.161
2500 390 0.13
Boxes
30 360 FALSE
60 360 FALSE
90 360 FALSE
120 360 FALSE
150 360 FALSE
180 360 FALSE
210 360 FALSE
60 720 TRUE
90 720 TRUE
300 720 TRUE
720 720 FALSE
750 720 FALSE
780 720 FALSE
810 720 TRUE
1500 300 TRUE
2190 720 TRUE
2220 720 FALSE
2250 720 TRUE
2280 720 FALSE