120 210 13 1 BASETILE 0.47
60 60 6 1 BASETILE 0.47
480 90 6 1 BASETILE 0.47
60 390 18 1 BASETILE 0.47
300 540 2 1 BASETILE 0.47
90 600 4 1 BASETILE 0.47
340 630 5 1 BASETILE 0.47
720 510 9 1 BASETILE 0.47
840 0 1 11 DIRT 0.47
840 330 1 1 COLDOWN 0.47
0 750 95 1 DIRT 0.47
900 150 8 1 BASETILE 0.47
1110 270 1 1 BASETILE 0.47
990 390 5 1 BASETILE 0.47
1050 600 2 1 BASETILE 0.47
1230 150 1 20 DIRT 0.47
1230 120 1 1 BASETILE 0.47
1320 240 2 1 BASETILE 0.47
1380 270 2 1 BASETILE 0.47
1440 300 2 1 BASETILE 0.47
1320 270 2 1 DIRT 0.47
1320 300 4 1 DIRT 0.47
1320 330 6 1 DIRT 0.47
600 270 5 1 BASETILE 0.47
600 540 2 1 BASETILE 0.47
1410 450 5 1 BASETILE 0.47
1320 570 3 1 BASETILE 0.47
1560 120 12 1 BASETILE 0.47
1620 600 9 1 BASETILE 0.47
1590 360 1 1 BASETILE 0.47
2010 0 1 4 DIRT 0.47
2010 630 1 1 COLDOWN 0.47
1830 240 3 1 BASETILE 0.47
1920 330 2 1 BASETILE 0.47
1890 480 2 1 BASETILE 0.47
2100 90 1 1 BASETILE 0.47
2040 210 5 1 DIRT 0.47
2190 0 1 5 DIRT 0.47
2190 150 1 1 COLDOWN 0.47
2340 240 5 1 BASETILE 0.47
2490 210 5 1 BASETILE 0.47
2640 180 6 1 BASETILE 0.47
2010 180 1 15 DIRT 0.47
2370 0 6 2 DIRT 0.47
2100 510 3 1 BASETILE 0.47
2160 630 7 1 BASETILE 0.47
2370 60 2 2 DIRT 0.47
2490 60 2 2 DIRT 0.47
2490 360 5 1 BASETILE 0.47
2460 360 1 1 LEFTSLANT 0.47
2640 360 1 1 RIGHTSLANT 0.47
2400 390 11 1 BASETILE 0.47
2460 540 8 1 BASETILE 0.47
-30 0 1 26 DIRT 0.47
2850 0 1 26 DIRT 0.47
CollectLocs
150 160
320 340
540 340
390 700
900 100
1140 700
1455 660
1830 70
1905 430
2100 40
2445 80
2715 30
2760 700
2250 390
870 420
315 500
1050 330
1920 710
660 210
1395 220
Snakes
90 180 450 180
60 720 540 720
870 120 1080 120
1530 90 1860 90
1620 720 2490 720
Blades
180 240 0.13
420 240 0.13
870 540 0.19
2520 570 0.161
1680 150 0.3
Boxes
720 480 FALSE
750 480 TRUE
780 480 FALSE
600 720 TRUE
630 720 TRUE
660 720 TRUE
690 720 TRUE
1380 720 TRUE
1410 720 TRUE
1440 720 FALSE
1470 720 FALSE
1500 720 TRUE
1530 720 TRUE
1560 720 FALSE
1590 720 FALSE
2250 600 TRUE
2220 600 FALSE
2280 600 TRUE