60 240 1 1 BASETILE 0.16
0 360 4 1 BASETILE 0.16
90 390 1 2 DIRT 0.16
120 420 3 1 BASETILE 0.16
210 240 1 7 DIRT 0.16
210 210 10 1 BASETILE 0.16
360 240 1 3 DIRT 0.16
360 330 1 1 COLDOWN 0.16
480 240 1 3 DIRT 0.16
480 330 1 1 COLDOWN 0.16
360 420 1 1 BASETILE 0.16
360 450 1 5 DIRT 0.16
480 420 10 1 BASETILE 0.16
480 450 1 5 DIRT 0.16
270 570 3 1 BASETILE 0.16
390 570 3 1 BASETILE 0.16
270 600 1 2 DIRT 0.16
150 630 4 1 BASETILE 0.16
0 630 3 1 BASETILE 0.16
630 240 2 1 BASETILE 0.16
690 90 3 1 BASETILE 0.16
750 450 1 6 DIRT 0.16
840 480 1 1 BASETILE 0.16
780 600 5 1 BASETILE 0.16
930 300 3 1 BASETILE 0.16
930 330 1 10 DIRT 0.16
930 210 1 1 COLDOWN 0.16
930 0 1 7 DIRT 0.16
1020 180 8 1 BASETILE 0.16
1080 300 2 1 BASETILE 0.16
1110 330 1 5 DIRT 0.16
1140 450 15 1 BASETILE 0.16
1560 480 1 5 DIRT 0.16
1320 0 1 12 DIRT 0.16
1320 360 1 1 COLDOWN 0.16
1380 300 1 1 BASETILE 0.16
1440 150 17 1 BASETILE 0.16
1680 330 4 1 BASETILE 0.16
1800 480 1 1 BASETILE 0.16
1590 600 3 1 BASETILE 0.16
1740 600 6 1 BASETILE 0.16
1920 180 1 15 DIRT 0.16
1950 390 16 1 BASETILE 0.16
2070 60 2 1 BASETILE 0.16
2100 240 7 1 BASETILE 0.16
2040 570 9 1 BASETILE 0.16
2400 420 1 7 DIRT 0.16
2430 600 5 1 BASETILE 0.16
2490 510 1 1 BASETILE 0.16
2370 120 4 1 BASETILE 0.16
2610 450 1 1 LEFTSLANT 0.16
2580 480 8 1 BASETILE 0.16
2640 450 2 1 BASETILE 0.16
2700 450 4 1 DIRT 0.16
2700 420 1 1 LEFTSLANT 0.16
2730 420 3 1 BASETILE 0.16
0 750 95 1 BASETILE 0.16
600 630 2 1 BASETILE 0.16
1200 630 9 1 BASETILE 0.16
2550 300 2 1 BASETILE 0.16
-30 0 1 26 DIRT 0.16
2850 0 1 26 DIRT 0.16
CollectLocs
110 480
425 510
615 480
720 30
780 240
840 540
1740 270
1040 360
2220 510
2190 180
1200 390
1860 90
450 150
1410 540
2565 240
1920 690
2415 60
90 60
870 690
285 270
Snakes
480 720 690 720
450 390 720 390
1410 120 1890 120
1080 720 2040 720
1920 360 2220 360
Blades
315 0 0.186
1270 480 0.13
1500 180 0.17
2115 420 0.13
2375 150 0.22
Boxes
450 720 FALSE
480 720 FALSE
750 720 FALSE
780 720 FALSE
990 720 TRUE
1020 720 FALSE
1050 720 FALSE
1080 720 TRUE
1830 570 TRUE
1860 570 FALSE
1890 570 TRUE
2100 720 FALSE
2130 720 TRUE
2160 720 TRUE
2190 720 FALSE
2280 360 FALSE